{
  "logosc_curves": {
    "0.1": {
      "0.001": 907.686682321885,
      "0.0017782794100389228": 680.1305508987624,
      "0.0031622776601683794": 508.58290717788987,
      "0.005623413251903491": 380.9001196928492,
      "0.01": 287.00360056416173,
      "0.01778279410038923": 213.71415686677815,
      "0.03162277660168379": 163.26805710702178,
      "0.05623413251903491": 125.92087529381918,
      "0.1": 1556.2005956823323,
      "0.1778279410038923": 2413.3600394487294,
      "0.31622776601683794": 2874.372678534379,
      "0.5623413251903491": 434.4866336509255,
      "1.0": 462.2776064089068,
      "1.7782794100389228": 967.7825307245672,
      "3.1622776601683795": 748.0798433501598,
      "5.623413251903491": 1350.5638793669036,
      "10.0": 178.53685475332387,
      "17.78279410038923": 60.53379642339449,
      "31.622776601683793": 20.1108919066294,
      "56.23413251903491": 10.631042134189762,
      "100.0": 5.2405234695197125,
      "177.82794100389228": 4.9938256559117455,
      "316.22776601683796": 7.422158271425296,
      "562.341325190349": 8.646556855712298,
      "1000.0": 11.081532105825136
    },
    "0.3": {
      "0.001": 300.0528974254764,
      "0.0017782794100389228": 225.20000604168575,
      "0.0031622776601683794": 168.0690085292177,
      "0.005623413251903491": 126.04496820222803,
      "0.01": 95.39192410121362,
      "0.01778279410038923": 71.2256672799406,
      "0.03162277660168379": 54.82891303404531,
      "0.05623413251903491": 43.684841862510225,
      "0.1": 393.2644283021491,
      "0.1778279410038923": 3597.6050220744582,
      "0.31622776601683794": 1683.9665348794915,
      "0.5623413251903491": 234.79630836960433,
      "1.0": 60.435834116143745,
      "1.7782794100389228": 54.42934065117693,
      "3.1622776601683795": 28.981389790237763,
      "5.623413251903491": 10.583417163103544,
      "10.0": 5.494001120109078,
      "17.78279410038923": 4.921752030522724,
      "31.622776601683793": 6.838244165093348,
      "56.23413251903491": 8.351342496664207,
      "100.0": 10.601037729341874,
      "177.82794100389228": 14.861664742789477,
      "316.22776601683796": 19.06365034877092,
      "562.341325190349": 25.483573261117872,
      "1000.0": 33.607532575493984
    },
    "1.0": {
      "0.001": 89.36729097634141,
      "0.0017782794100389228": 67.38193374709982,
      "0.0031622776601683794": 49.31814624791258,
      "0.005623413251903491": 37.650967743641914,
      "0.01": 27.319724379212268,
      "0.01778279410038923": 21.287146732445315,
      "0.03162277660168379": 15.656473673581425,
      "0.05623413251903491": 12.928871675779854,
      "0.1": 578.995513865953,
      "0.1778279410038923": 1942.3679074538195,
      "0.31622776601683794": 1366.8940284992152,
      "0.5623413251903491": 298.56732730098565,
      "1.0": 12.338978770708806,
      "1.7782794100389228": 6.973065176487653,
      "3.1622776601683795": 8.60982804104972,
      "5.623413251903491": 9.786983367665044,
      "10.0": 11.859588926574277,
      "17.78279410038923": 15.6195721779781,
      "31.622776601683793": 20.458982560383834,
      "56.23413251903491": 27.010663255291757,
      "100.0": 36.02999204317369,
      "177.82794100389228": 47.447997718979934,
      "316.22776601683796": 64.14097952114271,
      "562.341325190349": 85.09064966362949,
      "1000.0": 113.49957718128194
    },
    "3.0": {
      "0.001": 29.83912468619913,
      "0.0017782794100389228": 21.11155975596818,
      "0.0031622776601683794": 15.100801930660376,
      "0.005623413251903491": 12.531409829164769,
      "0.01": 7.786851364785828,
      "0.01778279410038923": 5.735551760548968,
      "0.03162277660168379": 4.541892359393827,
      "0.05623413251903491": 3.879987436668545,
      "0.1": 3.3526115044383005,
      "0.1778279410038923": 2833.863752741402,
      "0.31622776601683794": 285.02732731796783,
      "0.5623413251903491": 96.37566687802209,
      "1.0": 29.11341594776361,
      "1.7782794100389228": 23.657489698250494,
      "3.1622776601683795": 23.28644192358646,
      "5.623413251903491": 28.421129968859315,
      "10.0": 35.78586263339572,
      "17.78279410038923": 46.8252142913002,
      "31.622776601683793": 61.337966853921024,
      "56.23413251903491": 81.36531842008029,
      "100.0": 108.17545788276996,
      "177.82794100389228": 143.93175894069586,
      "316.22776601683796": 191.54303876845978,
      "562.341325190349": 255.0849738891362,
      "1000.0": 339.9845472525077
    },
    "10.0": {
      "0.001": 8.256750491456572,
      "0.0017782794100389228": 5.456760390512081,
      "0.0031622776601683794": 4.813969176600479,
      "0.005623413251903491": 2.8862433755232404,
      "0.01": 2.4296850488599016,
      "0.01778279410038923": 2.176066397632207,
      "0.03162277660168379": 2.07717665694631,
      "0.05623413251903491": 2.280504231487611,
      "0.1": 3.2718198305151747,
      "0.1778279410038923": 85.50223333150412,
      "0.31622776601683794": 726.860184183522,
      "0.5623413251903491": 138.93130732326273,
      "1.0": 79.66161234587639,
      "1.7782794100389228": 71.0792211924324,
      "3.1622776601683795": 78.29207675182919,
      "5.623413251903491": 94.86679320617584,
      "10.0": 120.46493162114555,
      "17.78279410038923": 156.77429098996248,
      "31.622776601683793": 205.9838219723164,
      "56.23413251903491": 272.4692070279475,
      "100.0": 361.0095339180734,
      "177.82794100389228": 480.27698426079735,
      "316.22776601683796": 636.014629138275,
      "562.341325190349": 849.5695412594902,
      "1000.0": 1132.402902951019
    },
    "30.0": {
      "0.001": 2.1024310209822406,
      "0.0017782794100389228": 2.3951309261647404,
      "0.0031622776601683794": 2.3972181790955056,
      "0.005623413251903491": 2.404103813866068,
      "0.01": 2.4278410985284955,
      "0.01778279410038923": 2.5270660067207267,
      "0.03162277660168379": 2.1439285448274803,
      "0.05623413251903491": 2.0425382636249285,
      "0.1": 3.2010422203292292,
      "0.1778279410038923": 179.75395131430886,
      "0.31622776601683794": 2481.040893339006,
      "0.5623413251903491": 426.9206276274405,
      "1.0": 238.66681919985655,
      "1.7782794100389228": 214.07794212441985,
      "3.1622776601683795": 235.65036261509968,
      "5.623413251903491": 286.15134517696356,
      "10.0": 360.87304634754855,
      "17.78279410038923": 470.46931755376727,
      "31.622776601683793": 615.5699479370157,
      "56.23413251903491": 812.407658721089,
      "100.0": 1072.1140867067575,
      "177.82794100389228": 1440.796560621467,
      "316.22776601683796": 1885.7973577818034,
      "562.341325190349": 2470.8228657996674,
      "1000.0": 3393.975887897113
    }
  },
  "nhc_curves": {
    "0.1": {
      "0.001": 2387.491727130399,
      "0.0017782794100389228": 2048.7705030096395,
      "0.0031622776601683794": 1899.6574894458845,
      "0.005623413251903491": 2264.5229813537367,
      "0.01": 1748.942783796443,
      "0.01778279410038923": 899.6995766697919,
      "0.03162277660168379": 700.1137039228909,
      "0.05623413251903491": 721.2708492468165,
      "0.1": 535.322161363215,
      "0.1778279410038923": 423.58513287638016,
      "0.31622776601683794": 336.09101839277685,
      "0.5623413251903491": 321.9757399592607,
      "1.0": 161.9240118806951,
      "1.7782794100389228": 139.66952730214916,
      "3.1622776601683795": 65.26695232493643,
      "5.623413251903491": 83.2027233239352,
      "10.0": 44.51146961994272,
      "17.78279410038923": 27.68646190986799,
      "31.622776601683793": 30.01921902065998,
      "56.23413251903491": 8.613830913090018,
      "100.0": 6.756133926649308,
      "177.82794100389228": 7.90665577831375,
      "316.22776601683796": 9.585869320006713,
      "562.341325190349": 13.301505628681673,
      "1000.0": 17.413760596842874
    },
    "0.3": {
      "0.001": 1257.4106377242008,
      "0.0017782794100389228": 1215.5419025567485,
      "0.0031622776601683794": 963.0294476251554,
      "0.005623413251903491": 560.9311605705701,
      "0.01": 451.5621499912495,
      "0.01778279410038923": 485.3467123456845,
      "0.03162277660168379": 294.23647246242996,
      "0.05623413251903491": 218.64896610437057,
      "0.1": 169.11717805941512,
      "0.1778279410038923": 138.68491833754817,
      "0.31622776601683794": 77.23846613681863,
      "0.5623413251903491": 82.73609514542287,
      "1.0": 55.58040318914345,
      "1.7782794100389228": 30.798601063803527,
      "3.1622776601683795": 35.556797304582986,
      "5.623413251903491": 9.165285506366546,
      "10.0": 6.859399287714879,
      "17.78279410038923": 7.697714543150518,
      "31.622776601683793": 9.272599862553621,
      "56.23413251903491": 12.679222360612679,
      "100.0": 16.069479869350893,
      "177.82794100389228": 22.145590896812216,
      "316.22776601683796": 30.49377967198518,
      "562.341325190349": 40.14010322008355,
      "1000.0": 51.55112997572877
    },
    "1.0": {
      "0.001": 592.7007469758162,
      "0.0017782794100389228": 388.7187602168202,
      "0.0031622776601683794": 410.06572243278197,
      "0.005623413251903491": 249.73799381163258,
      "0.01": 166.2815157855211,
      "0.01778279410038923": 126.06495998907626,
      "0.03162277660168379": 67.07962609365656,
      "0.05623413251903491": 89.84463402158963,
      "0.1": 46.776044917144965,
      "0.1778279410038923": 28.512953711690123,
      "0.31622776601683794": 37.48944642025329,
      "0.5623413251903491": 8.741522813762744,
      "1.0": 6.754901855472861,
      "1.7782794100389228": 8.10265508420323,
      "3.1622776601683795": 9.65997078891383,
      "5.623413251903491": 13.468860637637391,
      "10.0": 16.974262147814397,
      "17.78279410038923": 23.521970818203222,
      "31.622776601683793": 32.35734818608283,
      "56.23413251903491": 44.034443000785316,
      "100.0": 54.437688990091985,
      "177.82794100389228": 76.67359503003934,
      "316.22776601683796": 93.84350569091873,
      "562.341325190349": 136.00462019802552,
      "1000.0": 172.5302161343106
    },
    "3.0": {
      "0.001": 166.0848428835166,
      "0.0017782794100389228": 135.78548924805918,
      "0.0031622776601683794": 93.05143970759877,
      "0.005623413251903491": 79.77850591671938,
      "0.01": 60.543494126675895,
      "0.01778279410038923": 30.18127655517144,
      "0.03162277660168379": 31.175521196143535,
      "0.05623413251903491": 9.144090177460845,
      "0.1": 7.092411449112984,
      "0.1778279410038923": 7.859639693295949,
      "0.31622776601683794": 9.302193758296415,
      "0.5623413251903491": 13.266250206646058,
      "1.0": 16.191858324942906,
      "1.7782794100389228": 21.7654921784302,
      "3.1622776601683795": 29.935297971474494,
      "5.623413251903491": 42.272072304741016,
      "10.0": 53.77976950597857,
      "17.78279410038923": 73.78172819245194,
      "31.622776601683793": 94.18004425817519,
      "56.23413251903491": 304.02663340150065,
      "100.0": 162.0581024268219,
      "177.82794100389228": 224.5243669290713,
      "316.22776601683796": 298.22108785673055,
      "562.341325190349": 371.1826520542657,
      "1000.0": 498.7571777066996
    },
    "10.0": {
      "0.001": 47.02483771320311,
      "0.0017782794100389228": 28.573838996109544,
      "0.0031622776601683794": 37.19151160677352,
      "0.005623413251903491": 8.501575115234576,
      "0.01": 6.9010635353403105,
      "0.01778279410038923": 8.13087357069367,
      "0.03162277660168379": 9.49494788398014,
      "0.05623413251903491": 13.654564326032446,
      "0.1": 17.71878109950224,
      "0.1778279410038923": 23.05313035692094,
      "0.31622776601683794": 32.16818039187912,
      "0.5623413251903491": 42.15150809931114,
      "1.0": 55.86528547062502,
      "1.7782794100389228": 77.9926017333215,
      "3.1622776601683795": 95.07900801798846,
      "5.623413251903491": 137.35329158276522,
      "10.0": 172.191125584326,
      "17.78279410038923": 239.13184789865463,
      "31.622776601683793": 312.5800105314368,
      "56.23413251903491": 366.28811871948795,
      "100.0": 524.0417621149172,
      "177.82794100389228": 658.7915922558512,
      "316.22776601683796": 894.8989697069607,
      "562.341325190349": 1192.1869617098569,
      "1000.0": 1644.3993473510789
    },
    "30.0": {
      "0.001": 7.028537777172159,
      "0.0017782794100389228": 7.719583008219345,
      "0.0031622776601683794": 9.343906620270436,
      "0.005623413251903491": 12.501873772715195,
      "0.01": 16.10882937579434,
      "0.01778279410038923": 22.183520078052585,
      "0.03162277660168379": 29.17974222594423,
      "0.05623413251903491": 40.946863688066244,
      "0.1": 50.99456485093672,
      "0.1778279410038923": 76.76775012482445,
      "0.31622776601683794": 96.3972083598874,
      "0.5623413251903491": 302.0895927600392,
      "1.0": 162.91390398612393,
      "1.7782794100389228": 224.532767688679,
      "3.1622776601683795": 298.2211458182615,
      "5.623413251903491": 371.182652610848,
      "10.0": 498.75717774398663,
      "17.78279410038923": 631.0910084916893,
      "31.622776601683793": 842.4334018989397,
      "56.23413251903491": 1120.8457528400902,
      "100.0": 1519.8014451300878,
      "177.82794100389228": 2061.2906845568505,
      "316.22776601683796": 2784.5139101736004,
      "562.341325190349": 3559.9872763433023,
      "1000.0": 5584.078174618256
    }
  },
  "fit_logosc": {
    "omegas": [
      0.1,
      0.3,
      1.0,
      3.0,
      10.0,
      30.0
    ],
    "q_opts": [
      177.82794100389228,
      17.78279410038923,
      1.7782794100389228,
      0.1,
      0.03162277660168379,
      0.05623413251903491
    ],
    "slope": -1.5495041644963654,
    "intercept": 0.8511521582290598,
    "c": 2.342344048799948,
    "r2": 0.9064089042834897
  },
  "fit_nhc": {
    "omegas": [
      0.1,
      0.3,
      1.0,
      3.0,
      10.0,
      30.0
    ],
    "q_opts": [
      100.0,
      10.0,
      1.0,
      0.1,
      0.01,
      0.001
    ],
    "slope": -2.007543027893658,
    "intercept": -0.04853682626004341,
    "c": 0.9526222571449017,
    "r2": 0.999834651183301
  },
  "part3_2d": {
    "3.0": {
      "Q1_grid": [
        0.01,
        0.023101297000831605,
        0.0533669923120631,
        0.12328467394420659,
        0.2848035868435802,
        0.6579332246575682,
        1.5199110829529332,
        3.511191734215131,
        8.111308307896872,
        18.73817422860385,
        43.287612810830616,
        100.0
      ],
      "Q2_grid": [
        0.01,
        0.023101297000831605,
        0.0533669923120631,
        0.12328467394420659,
        0.2848035868435802,
        0.6579332246575682,
        1.5199110829529332,
        3.511191734215131,
        8.111308307896872,
        18.73817422860385,
        43.287612810830616,
        100.0
      ],
      "tau_grid": [
        [
          28.050262166680813,
          27.380869771874956,
          2872.9728415249806,
          621.6457933529404,
          3863.5188187999042,
          1275.576722235216,
          1098.8871519054385,
          2672.756878044526,
          53.671438033014134,
          108.2806602389408,
          123.03556175114932,
          194.6813722174534
        ],
        [
          27.380869771874956,
          18.830416883156587,
          2023.2272892134422,
          1318.535274494067,
          3202.683018830441,
          916.1180249882306,
          1098.1578941365376,
          5988.542386190646,
          3336.5375764429427,
          6083.5540992023825,
          3663.108338333801,
          5448.497326420146
        ],
        [
          2872.9728415249806,
          2023.2272892134422,
          14.229358542111491,
          2288.115412523045,
          2290.497103426214,
          1822.1030492928287,
          1154.0482209191216,
          7809.722626920462,
          4923.477156379116,
          841.8129330000341,
          3946.261984682859,
          3916.1205036185297
        ],
        [
          621.6457933529404,
          1318.535274494067,
          2288.115412523045,
          2805.8933355315553,
          455.1022089223725,
          356.9969545799442,
          266.22034664952923,
          561.7241239811524,
          3432.529713565884,
          797.7233405844362,
          1442.7214735653495,
          3722.3233129144705
        ],
        [
          3863.5188187999042,
          3202.683018830441,
          2290.497103426214,
          455.1022089223725,
          805.5268417112629,
          374.8780394563942,
          177.9620574338329,
          1361.2229025252734,
          158.78052596247088,
          726.934170825472,
          1289.7600523251706,
          777.4782137449382
        ],
        [
          1275.576722235216,
          916.1180249882306,
          1822.1030492928287,
          356.9969545799442,
          374.8780394563942,
          309.02115308841024,
          148.60715513542706,
          1261.858514539743,
          565.8809145741985,
          750.6204856441846,
          956.4637355551444,
          1784.976366749713
        ],
        [
          1098.8871519054385,
          1098.1578941365376,
          1154.0482209191216,
          266.22034664952923,
          177.9620574338329,
          148.60715513542706,
          40.367583330483974,
          21.04715374046468,
          817.9546873735859,
          14.470228264992235,
          467.69862322100363,
          117.82093682766832
        ],
        [
          2672.756878044526,
          5988.542386190646,
          7809.722626920462,
          561.7241239811524,
          1361.2229025252734,
          1261.858514539743,
          21.04715374046468,
          14.45130626919615,
          14.265453678798032,
          14.19983048855051,
          15.321654437014866,
          15.460367045546036
        ],
        [
          53.671438033014134,
          3336.5375764429427,
          4923.477156379116,
          3432.529713565884,
          158.78052596247088,
          565.8809145741985,
          817.9546873735859,
          14.265453678798032,
          13.731493697489624,
          14.311265298887,
          14.327874158895893,
          14.881386699087267
        ],
        [
          108.2806602389408,
          6083.5540992023825,
          841.8129330000341,
          797.7233405844362,
          726.934170825472,
          750.6204856441846,
          14.470228264992235,
          14.19983048855051,
          14.311265298887,
          15.217219267916404,
          16.38452948892893,
          17.16972018108746
        ],
        [
          123.03556175114932,
          3663.108338333801,
          3946.261984682859,
          1442.7214735653495,
          1289.7600523251706,
          956.4637355551444,
          467.69862322100363,
          15.321654437014866,
          14.327874158895893,
          16.38452948892893,
          18.945092325450872,
          21.07814371344493
        ],
        [
          194.6813722174534,
          5448.497326420146,
          3916.1205036185297,
          3722.3233129144705,
          777.4782137449382,
          1784.976366749713,
          117.82093682766832,
          15.460367045546036,
          14.881386699087267,
          17.16972018108746,
          21.07814371344493,
          24.75266177711207
        ]
      ]
    },
    "10.0": {
      "Q1_grid": [
        0.01,
        0.023101297000831605,
        0.0533669923120631,
        0.12328467394420659,
        0.2848035868435802,
        0.6579332246575682,
        1.5199110829529332,
        3.511191734215131,
        8.111308307896872,
        18.73817422860385,
        43.287612810830616,
        100.0
      ],
      "Q2_grid": [
        0.01,
        0.023101297000831605,
        0.0533669923120631,
        0.12328467394420659,
        0.2848035868435802,
        0.6579332246575682,
        1.5199110829529332,
        3.511191734215131,
        8.111308307896872,
        18.73817422860385,
        43.287612810830616,
        100.0
      ],
      "tau_grid": [
        [
          27.650995303517718,
          29.20549071338522,
          2631.8127716276654,
          4303.281336765202,
          2140.903386890602,
          2057.6130642816406,
          2521.628821152766,
          534.0881948658031,
          76.08468588777255,
          107.17629758340831,
          2149.51938205358,
          112.43604643286265
        ],
        [
          29.20549071338522,
          30.643343846638512,
          682.1589204207031,
          4771.97337477115,
          4268.727344944131,
          1322.2672649335236,
          1636.534322063706,
          3537.452195789187,
          91.85072106981728,
          2587.864172690487,
          183.5720805484616,
          1266.442402817536
        ],
        [
          2631.8127716276654,
          682.1589204207031,
          3530.825201501157,
          4388.103449613788,
          5330.89797064581,
          2113.8184437668474,
          1600.4167381595046,
          1045.2176746478685,
          3227.950016520188,
          5641.222282561361,
          2793.934121465438,
          3718.1308409793273
        ],
        [
          4303.281336765202,
          4771.97337477115,
          4388.103449613788,
          3874.5806848891802,
          3299.4571743514985,
          1406.423266320923,
          3007.268679572718,
          2183.6408017249632,
          1015.3042095012888,
          2405.411833737113,
          700.1134267006995,
          2930.679265574527
        ],
        [
          2140.903386890602,
          4268.727344944131,
          5330.89797064581,
          3299.4571743514985,
          5645.742642495032,
          1482.8028176756764,
          1379.7771584067207,
          3801.1097443710073,
          3357.023489318262,
          1785.4827784628949,
          4107.980630373637,
          1356.4184217822205
        ],
        [
          2057.6130642816406,
          1322.2672649335236,
          2113.8184437668474,
          1406.423266320923,
          1482.8028176756764,
          71.93608294714947,
          93.33076660857064,
          128.22320104363885,
          102.62943586613501,
          116.0769028395177,
          147.71676705579037,
          198.3086450989504
        ],
        [
          2521.628821152766,
          1636.534322063706,
          1600.4167381595046,
          3007.268679572718,
          1379.7771584067207,
          93.33076660857064,
          112.50450127376905,
          107.91354114454718,
          74.08792827472394,
          69.67307205022594,
          65.92927783283368,
          403.1351726197882
        ],
        [
          534.0881948658031,
          3537.452195789187,
          1045.2176746478685,
          2183.6408017249632,
          3801.1097443710073,
          128.22320104363885,
          107.91354114454718,
          53.36102791225958,
          52.69400048022177,
          44.84238701641747,
          45.67753221456044,
          45.59242436632055
        ],
        [
          76.08468588777255,
          91.85072106981728,
          3227.950016520188,
          1015.3042095012888,
          3357.023489318262,
          102.62943586613501,
          74.08792827472394,
          52.69400048022177,
          48.42648245932122,
          47.50253848845557,
          50.62885768469588,
          51.701180393487874
        ],
        [
          107.17629758340831,
          2587.864172690487,
          5641.222282561361,
          2405.411833737113,
          1785.4827784628949,
          116.0769028395177,
          69.67307205022594,
          44.84238701641747,
          47.50253848845557,
          52.10316634057977,
          56.35038459959091,
          59.01565797377199
        ],
        [
          2149.51938205358,
          183.5720805484616,
          2793.934121465438,
          700.1134267006995,
          4107.980630373637,
          147.71676705579037,
          65.92927783283368,
          45.67753221456044,
          50.62885768469588,
          56.35038459959091,
          64.23001524168497,
          72.08706434478927
        ],
        [
          112.43604643286265,
          1266.442402817536,
          3718.1308409793273,
          2930.679265574527,
          1356.4184217822205,
          198.3086450989504,
          403.1351726197882,
          45.59242436632055,
          51.701180393487874,
          59.01565797377199,
          72.08706434478927,
          84.67992485223016
        ]
      ]
    },
    "30.0": {
      "Q1_grid": [
        0.01,
        0.023101297000831605,
        0.0533669923120631,
        0.12328467394420659,
        0.2848035868435802,
        0.6579332246575682,
        1.5199110829529332,
        3.511191734215131,
        8.111308307896872,
        18.73817422860385,
        43.287612810830616,
        100.0
      ],
      "Q2_grid": [
        0.01,
        0.023101297000831605,
        0.0533669923120631,
        0.12328467394420659,
        0.2848035868435802,
        0.6579332246575682,
        1.5199110829529332,
        3.511191734215131,
        8.111308307896872,
        18.73817422860385,
        43.287612810830616,
        100.0
      ],
      "tau_grid": [
        [
          99.13309107293482,
          95.97012960804251,
          4033.78283666741,
          6750.697920742369,
          2603.7429247930036,
          2562.102541952046,
          1182.7177152184177,
          143.92436895620546,
          155.91010500797458,
          189.2639663573975,
          241.93741768986888,
          333.43641363880096
        ],
        [
          95.97012960804251,
          2051.725581550938,
          3955.2317843246224,
          3812.2208221664346,
          4459.88025997643,
          4560.2753357462325,
          656.3439146246828,
          149.33464198223436,
          166.14233736472582,
          200.0530626426718,
          249.79013352511973,
          327.10638379793795
        ],
        [
          4033.78283666741,
          3955.2317843246224,
          4880.883444654012,
          5617.142758174814,
          3825.044368850666,
          1739.3150643958386,
          948.0350961053236,
          725.1641568976087,
          356.1213425105991,
          186.88971234558252,
          4475.630057521495,
          1780.022930269577
        ],
        [
          6750.697920742369,
          3812.2208221664346,
          5617.142758174814,
          4417.656138290767,
          755.5143435157091,
          1827.6355832835227,
          890.7835261695487,
          216.28327869329868,
          321.4874675412778,
          317.38876505869376,
          304.2771744433737,
          418.7581686809376
        ],
        [
          2603.7429247930036,
          4459.88025997643,
          3825.044368850666,
          755.5143435157091,
          1310.9381478428816,
          1019.7840406777145,
          263.58101048371964,
          123.10852556989124,
          268.81702017761546,
          223.70793370610826,
          325.2055926410048,
          389.21238812710334
        ],
        [
          2562.102541952046,
          4560.2753357462325,
          1739.3150643958386,
          1827.6355832835227,
          1019.7840406777145,
          274.18729265425947,
          228.61346687675825,
          254.74058367358955,
          310.87936562190555,
          318.78056211355016,
          323.2835866685834,
          481.0942515973893
        ],
        [
          1182.7177152184177,
          656.3439146246828,
          948.0350961053236,
          890.7835261695487,
          263.58101048371964,
          228.61346687675825,
          284.5237797428176,
          334.69011487117,
          229.04962604652772,
          205.27793532884183,
          198.53695145487018,
          241.0506424897902
        ],
        [
          143.92436895620546,
          149.33464198223436,
          725.1641568976087,
          216.28327869329868,
          123.10852556989124,
          254.74058367358955,
          334.69011487117,
          166.6899499474413,
          160.93795258127278,
          135.92533301516474,
          138.80327529000257,
          139.2054339668222
        ],
        [
          155.91010500797458,
          166.14233736472582,
          356.1213425105991,
          321.4874675412778,
          268.81702017761546,
          310.87936562190555,
          229.04962604652772,
          160.93795258127278,
          185.51509197807823,
          143.8563739603841,
          151.91938453606585,
          157.23909465185724
        ],
        [
          189.2639663573975,
          200.0530626426718,
          186.88971234558252,
          317.38876505869376,
          223.70793370610826,
          318.78056211355016,
          205.27793532884183,
          135.92533301516474,
          143.8563739603841,
          158.09316607554905,
          169.91436704362334,
          177.26166496297495
        ],
        [
          241.93741768986888,
          249.79013352511973,
          4475.630057521495,
          304.2771744433737,
          325.2055926410048,
          323.2835866685834,
          198.53695145487018,
          138.80327529000257,
          151.91938453606585,
          169.91436704362334,
          192.7620174483467,
          216.89486818743976
        ],
        [
          333.43641363880096,
          327.10638379793795,
          1780.022930269577,
          418.7581686809376,
          389.21238812710334,
          481.0942515973893,
          241.0506424897902,
          139.2054339668222,
          157.23909465185724,
          177.26166496297495,
          216.89486818743976,
          255.47195861310595
        ]
      ]
    }
  },
  "elapsed_sec": 2601.1183269023895
}